PLIGHT
-1.0,0.0,0.0,1.0,1.0,1.0
SPHERE
9,-1.0,0.0,0.0,0.1,0.1,0.1,1.0,1.0,1.0,1.0,10.0,1.0,1.0,1.0,1.0,1.0,0.0,0.0,TRUE
DIRLIGHT
0.0,0.0,0.0,1.0,1.0,1.0
AMBIENCE
0.1,0.1,0.1
IPLANE
3,0.0,1.0,0.0,-2.0,1.0,1.0,1.0,1.0,1000.0,1.0,1.0,1.0,0.0,0.0,0.0,0.0,0.0,0.0,FALSE
IPLANE
4,0.0,1.0,0.0,2.0,1.0,1.0,1.0,1.0,1000.0,1.0,1.0,1.0,0.0,0.0,0.0,0.0,0.0,0.0,FALSE
IPLANE
5,1.0,0.0,0.0,-2.0,1.0,1.0,1.0,1.0,1000.0,1.0,1.0,1.0,0.0,0.0,0.0,0.0,0.0,0.0,FALSE
IPLANE
6,0.0,0.0,1.0,-17.0,1.0,1.0,1.0,1.0,1000.0,1.0,1.0,1.0,0.0,0.0,0.0,0.0,0.0,0.0,FALSE
IPLANE
7,0.0,0.0,1.0,4.0,1.0,1.0,1.0,1.0,1000.0,1.0,1.0,1.0,0.0,0.0,0.0,0.0,0.0,0.0,FALSE
IPLANE
8,1.0,0.0,0.0,6.0,1.0,1.0,1.0,1.0,1000.0,1.0,1.0,1.0,0.0,0.0,0.0,0.0,0.0,0.0,FALSE