PLIGHT
0.0,1.0,334.0,1.0,1.0,1.0
PLIGHT
0.0,1.0,34.0,1.0,1.0,1.0
PLIGHT
0.0,1.0,4.0,1.0,1.0,1.0
PLIGHT
0.0,1.0,0.0,1.0,1.0,1.0
AABOX
2,1.0,0.0,1.0,0.5,0.5,0.5,0.0,1.0,1.0,1.0,100.0,1.0,1.0,1.0,0.0,0.0,0.0,0.0,1.00,0.6,FALSE,$,data\noise\noise3.jpg
AABOX
9,-1.0,0.0,1.0,0.5,0.5,0.5,0.0,1.0,1.0,1.0,100.0,1.0,1.0,1.0,0.0,0.0,0.0,0.0,1.00,0.6,FALSE,$,data\noise\noise3.jpg
DIRLIGHT
0.0,0.0,0.0,1.0,1.0,1.0
AMBIENCE
0.1,0.1,0.1
IPLANE
4,1.0,1.0,0.0,2.0,0.6,1.0,1.0,1.0,1000.0,1.0,1.0,1.0,0.0,0.0,0.0,0.2,0.0,0.0,FALSE,$,$,2
IPLANE
5,-1.0,1.0,0.0,2.0,0.6,1.0,1.0,1.0,1000.0,1.0,1.0,1.0,0.0,0.0,0.0,0.2,0.0,0.0,FALSE,$,$,2
IPLANE
6,1.0,-1.0,0.0,2.0,0.6,1.0,1.0,1.0,1000.0,1.0,1.0,1.0,0.0,0.0,0.0,0.2,0.0,0.0,FALSE,$,$,2
IPLANE
7,-1.0,-1.0,0.0,2.0,0.6,1.0,1.0,1.0,1000.0,1.0,1.0,1.0,0.0,0.0,0.0,0.2,0.0,0.0,FALSE,$,$,2
SPHERE
8,0.0,0.0,0.0,0.5,0.0,1.0,1.0,1.0,100.0,1.0,1.0,1.0,0.0,0.0,0.0,0.0,1.0,0.15,FALSE
SPHERE
10,0.0,0.0,4.0,0.5,0.0,1.0,1.0,1.0,100.0,1.0,1.0,1.0,0.0,0.0,0.0,0.0,1.0,0.25,FALSE
SPHERE
11,0.0,0.0,8.0,0.5,0.0,1.0,1.0,1.0,100.0,1.0,1.0,1.0,0.0,0.0,0.0,0.0,1.0,0.35,FALSE
SPHERE
12,0.0,0.0,12.0,0.5,0.0,1.0,1.0,1.0,100.0,1.0,1.0,1.0,0.0,0.0,0.0,0.0,1.0,0.45,FALSE
SPHERE
13,0.0,0.0,16.0,0.5,0.0,1.0,1.0,1.0,100.0,1.0,1.0,1.0,0.0,0.0,0.0,0.0,1.0,0.55,FALSE
SPHERE
14,0.0,0.0,20.0,0.5,0.0,1.0,1.0,1.0,100.0,1.0,1.0,1.0,0.0,0.0,0.0,0.0,1.0,0.65,FALSE
SPHERE
15,0.0,0.0,24.0,0.5,0.0,1.0,1.0,1.0,100.0,1.0,1.0,1.0,0.0,0.0,0.0,0.0,1.0,0.75,FALSE
SPHERE
16,0.0,0.0,28.0,0.5,0.0,1.0,1.0,1.0,100.0,1.0,1.0,1.0,0.0,0.0,0.0,0.0,1.0,0.85,FALSE
SPHERE
17,0.0,0.0,32.0,0.5,0.0,1.0,1.0,1.0,100.0,1.0,1.0,1.0,0.0,0.0,0.0,0.0,1.0,0.95,FALSE
SPHERE
18,0.0,0.0,36.0,0.5,0.0,1.0,1.0,1.0,100.0,1.0,1.0,1.0,0.0,0.0,0.0,0.0,1.0,0.85,FALSE
SPHERE
19,0.0,0.0,40.0,0.5,0.0,1.0,1.0,1.0,100.0,1.0,1.0,1.0,0.0,0.0,0.0,0.0,1.0,0.75,FALSE
SPHERE
20,0.0,0.0,44.0,0.5,0.0,1.0,1.0,1.0,100.0,1.0,1.0,1.0,0.0,0.0,0.0,0.0,1.0,0.65,FALSE
SPHERE
21,0.0,0.0,48.0,0.5,0.0,1.0,1.0,1.0,100.0,1.0,1.0,1.0,0.0,0.0,0.0,0.0,1.0,0.55,FALSE
SPHERE
22,0.0,0.0,52.0,0.5,0.0,1.0,1.0,1.0,100.0,1.0,1.0,1.0,0.0,0.0,0.0,0.0,1.0,0.45,FALSE
SPHERE
23,0.0,0.0,56.0,0.5,0.0,1.0,1.0,1.0,100.0,1.0,1.0,1.0,0.0,0.0,0.0,0.0,1.0,0.35,FALSE
SPHERE
24,0.0,0.0,60.0,0.5,0.0,1.0,1.0,1.0,100.0,1.0,1.0,1.0,0.0,0.0,0.0,0.0,1.0,0.25,FALSE
